9.939339999999999842e-01
9.939339999999999842e-01
9.939339999999999842e-01
9.939339999999999842e-01
9.939339999999999842e-01
9.939339999999999842e-01
9.939339999999999842e-01
9.939339999999999842e-01
9.939339999999999842e-01
9.939339999999999842e-01
9.939339999999999842e-01
9.939339999999999842e-01
9.939339999999999842e-01
9.939339999999999842e-01
9.939339999999999842e-01
9.939339999999999842e-01
9.939339999999999842e-01
9.939339999999999842e-01
9.939339999999999842e-01
9.939339999999999842e-01
9.939329999999999554e-01
9.939329999999999554e-01
9.939329999999999554e-01
9.939329999999999554e-01
9.939329999999999554e-01
9.939329999999999554e-01
9.939329999999999554e-01
9.939329999999999554e-01
9.939329999999999554e-01
9.939329999999999554e-01
9.939329999999999554e-01
9.939329999999999554e-01
9.939329999999999554e-01
9.939329999999999554e-01
9.939329999999999554e-01
9.939329999999999554e-01
9.939329999999999554e-01
9.939329999999999554e-01
9.939329999999999554e-01
9.939329999999999554e-01
9.939329999999999554e-01
9.939329999999999554e-01
9.939329999999999554e-01
9.939329999999999554e-01
9.939329999999999554e-01
9.939329999999999554e-01
9.939329999999999554e-01
9.939329999999999554e-01
9.939329999999999554e-01
9.939329999999999554e-01
9.939329999999999554e-01
9.939329999999999554e-01
9.939329999999999554e-01
9.939329999999999554e-01
9.939329999999999554e-01
9.939329999999999554e-01
9.939329999999999554e-01
9.939329999999999554e-01
9.939320000000000377e-01
9.939320000000000377e-01
9.939320000000000377e-01
9.939320000000000377e-01
9.939320000000000377e-01
9.939320000000000377e-01
9.939320000000000377e-01
9.939320000000000377e-01
9.939320000000000377e-01
9.939320000000000377e-01
9.939320000000000377e-01
9.939320000000000377e-01
9.939320000000000377e-01
9.939320000000000377e-01
9.939320000000000377e-01
9.939320000000000377e-01
9.939320000000000377e-01
9.939320000000000377e-01
9.939320000000000377e-01
9.939320000000000377e-01
9.939320000000000377e-01
9.939320000000000377e-01
9.939320000000000377e-01
9.939320000000000377e-01
9.939320000000000377e-01
9.939320000000000377e-01
9.939320000000000377e-01
9.939320000000000377e-01
9.939320000000000377e-01
9.939320000000000377e-01
9.939320000000000377e-01
9.939320000000000377e-01
9.939320000000000377e-01
9.939320000000000377e-01
9.939320000000000377e-01
9.939320000000000377e-01
9.939320000000000377e-01
9.939320000000000377e-01
9.939320000000000377e-01
9.939320000000000377e-01
9.939320000000000377e-01
9.939320000000000377e-01
9.939320000000000377e-01
9.939320000000000377e-01
9.939320000000000377e-01
9.939320000000000377e-01
9.939320000000000377e-01
9.939320000000000377e-01
9.939310000000000089e-01
9.939310000000000089e-01
9.939310000000000089e-01
9.939310000000000089e-01
9.939310000000000089e-01
9.939310000000000089e-01
9.939310000000000089e-01
9.939310000000000089e-01
9.939310000000000089e-01
9.939310000000000089e-01
9.939310000000000089e-01
9.939310000000000089e-01
9.939310000000000089e-01
9.939310000000000089e-01
9.939310000000000089e-01
9.939310000000000089e-01
9.939310000000000089e-01
9.939310000000000089e-01
9.939310000000000089e-01
9.939310000000000089e-01
9.939310000000000089e-01
9.939310000000000089e-01
9.939310000000000089e-01
9.939310000000000089e-01
9.939310000000000089e-01
9.939310000000000089e-01
9.939310000000000089e-01
9.939310000000000089e-01
9.939310000000000089e-01
9.939310000000000089e-01
9.939310000000000089e-01
9.939310000000000089e-01
9.939310000000000089e-01
9.939310000000000089e-01
9.939310000000000089e-01
9.939310000000000089e-01
9.939310000000000089e-01
9.939310000000000089e-01
9.939310000000000089e-01
9.939310000000000089e-01
9.939310000000000089e-01
9.939310000000000089e-01
9.939310000000000089e-01
9.939310000000000089e-01
9.939310000000000089e-01
9.939310000000000089e-01
9.939310000000000089e-01
9.939310000000000089e-01
9.939310000000000089e-01
9.939310000000000089e-01
9.939310000000000089e-01
9.939280000000000337e-01
9.938099999999999712e-01
9.935880000000000267e-01
9.932879999999999487e-01
9.929219999999999713e-01
9.924979999999999913e-01
9.920250000000000457e-01
9.915110000000000312e-01
9.909609999999999808e-01
9.903849999999999598e-01
9.897880000000000011e-01
9.891790000000000305e-01
9.885669999999999735e-01
9.879620000000000068e-01
9.873760000000000314e-01
9.868259999999999810e-01
9.863389999999999658e-01
9.859839999999999716e-01
9.857209999999999583e-01
9.854870000000000019e-01
9.852760000000000407e-01
9.850809999999999844e-01
9.848999999999999977e-01
9.847310000000000230e-01
9.845720000000000027e-01
9.844230000000000480e-01
9.842819999999999903e-01
9.841490000000000515e-01
9.840219999999999523e-01
9.839010000000000256e-01
9.837860000000000493e-01
9.836770000000000236e-01
9.835720000000000018e-01
9.834720000000000129e-01
9.833760000000000279e-01
9.833290000000000086e-01
9.833439999999999959e-01
9.833939999999999904e-01
9.834720000000000129e-01
9.835730000000000306e-01
9.836939999999999573e-01
9.838320000000000398e-01
9.839849999999999985e-01
9.841509999999999980e-01
9.843290000000000095e-01
9.845180000000000042e-01
9.847150000000000070e-01
9.849189999999999889e-01
9.851299999999999502e-01
9.853119999999999656e-01
9.852870000000000239e-01
9.851809999999999734e-01
9.849360000000000337e-01
9.846369999999999845e-01
9.843410000000000215e-01
9.840419999999999723e-01
9.837470000000000381e-01
9.834610000000000296e-01
9.831919999999999549e-01
9.830100000000000504e-01
9.827599999999999669e-01
9.825239999999999529e-01
9.822959999999999470e-01
9.820870000000000433e-01
9.819130000000000358e-01
9.817620000000000235e-01
9.816770000000000218e-01
9.816510000000000513e-01
9.816259999999999986e-01
9.816030000000000033e-01
9.815800000000000081e-01
9.815589999999999593e-01
9.815380000000000216e-01
9.815190000000000303e-01
9.815009999999999568e-01
9.814840000000000231e-01
9.814680000000000071e-01
9.814530000000000198e-01
9.814389999999999503e-01
9.814260000000000206e-01
9.814140000000000086e-01
9.814030000000000253e-01
9.813929999999999598e-01
9.813840000000000341e-01
9.813760000000000261e-01
9.813690000000000468e-01
9.813619999999999566e-01
9.813570000000000348e-01
9.813530000000000308e-01
9.813490000000000268e-01
9.813469999999999693e-01
9.813450000000000228e-01
9.813450000000000228e-01
9.813450000000000228e-01
9.813460000000000516e-01
9.813479999999999981e-01
9.813520000000000021e-01
9.813560000000000061e-01
9.813600000000000101e-01
9.813659999999999606e-01
9.813730000000000508e-01
9.813809999999999478e-01
9.813899999999999846e-01
9.813990000000000213e-01
9.814100000000000046e-01
9.814220000000000166e-01
9.814340000000000286e-01
9.814479999999999871e-01
9.814629999999999743e-01
9.814779999999999616e-01
9.814950000000000063e-01
9.815129999999999688e-01
9.815319999999999601e-01
9.815519999999999801e-01
9.815730000000000288e-01
9.815949999999999953e-01
9.816179999999999906e-01
9.816430000000000433e-01
9.816679999999999851e-01
9.817350000000000243e-01
9.818630000000000413e-01
9.820269999999999833e-01
9.822279999999999900e-01
9.824410000000000087e-01
9.826820000000000555e-01
9.828430000000000222e-01
9.831069999999999531e-01
9.833809999999999496e-01
9.836559999999999748e-01
9.839390000000000081e-01
9.842359999999999998e-01
9.845399999999999707e-01
9.848459999999999992e-01
9.851459999999999662e-01
9.852680000000000327e-01
9.853150000000000519e-01
9.851990000000000469e-01
9.849869999999999459e-01
9.847799999999999887e-01
9.845810000000000395e-01
9.843899999999999872e-01
9.842079999999999718e-01
9.840379999999999683e-01
9.838799999999999768e-01
9.837369999999999726e-01
9.836099999999999843e-01
9.835019999999999873e-01
9.834159999999999568e-01
9.833560000000000079e-01
9.833290000000000086e-01
9.833479999999999999e-01
9.834389999999999521e-01
9.835380000000000233e-01
9.836409999999999876e-01
9.837489999999999846e-01
9.838620000000000143e-01
9.839809999999999945e-01
9.841050000000000075e-01
9.842370000000000285e-01
9.843750000000000000e-01
9.845220000000000082e-01
9.846770000000000245e-01
9.848419999999999952e-01
9.850189999999999779e-01
9.852090000000000014e-01
9.854150000000000409e-01
9.856399999999999606e-01
9.858909999999999618e-01
9.861980000000000190e-01
9.866549999999999487e-01
9.871879999999999544e-01
9.877639999999999754e-01
9.883640000000000203e-01
9.889750000000000485e-01
9.895859999999999657e-01
9.901879999999999571e-01
9.907719999999999860e-01
9.913309999999999622e-01
9.918580000000000174e-01
9.923450000000000326e-01
9.927859999999999463e-01
9.931729999999999725e-01
9.934969999999999635e-01
9.937460000000000182e-01
9.939029999999999809e-01
9.939310000000000089e-01
9.939310000000000089e-01
9.939310000000000089e-01
9.939310000000000089e-01
9.939310000000000089e-01
9.939310000000000089e-01
9.939310000000000089e-01
9.939310000000000089e-01
9.939310000000000089e-01
9.939310000000000089e-01
9.939310000000000089e-01
9.939310000000000089e-01
9.939310000000000089e-01
9.939310000000000089e-01
9.939310000000000089e-01
9.939310000000000089e-01
9.939310000000000089e-01
9.939310000000000089e-01
9.939310000000000089e-01
9.939310000000000089e-01
9.939310000000000089e-01
9.939310000000000089e-01
9.939310000000000089e-01
9.939310000000000089e-01
9.939310000000000089e-01
9.939310000000000089e-01
9.939310000000000089e-01
9.939310000000000089e-01
9.939310000000000089e-01
9.939310000000000089e-01
9.939310000000000089e-01
9.939310000000000089e-01
9.939310000000000089e-01
9.939310000000000089e-01
9.939310000000000089e-01
9.939310000000000089e-01
9.939310000000000089e-01
9.939310000000000089e-01
9.939310000000000089e-01
9.939310000000000089e-01
9.939310000000000089e-01
9.939310000000000089e-01
9.939310000000000089e-01
9.939310000000000089e-01
9.939310000000000089e-01
9.939310000000000089e-01
9.939310000000000089e-01
9.939310000000000089e-01
9.939310000000000089e-01
9.939310000000000089e-01
9.939310000000000089e-01
9.939310000000000089e-01
9.939320000000000377e-01
9.939320000000000377e-01
9.939320000000000377e-01
9.939320000000000377e-01
9.939320000000000377e-01
9.939320000000000377e-01
9.939320000000000377e-01
9.939320000000000377e-01
9.939320000000000377e-01
9.939320000000000377e-01
9.939320000000000377e-01
9.939320000000000377e-01
9.939320000000000377e-01
9.939320000000000377e-01
9.939320000000000377e-01
9.939320000000000377e-01
9.939320000000000377e-01
9.939320000000000377e-01
9.939320000000000377e-01
9.939320000000000377e-01
9.939320000000000377e-01
9.939320000000000377e-01
9.939320000000000377e-01
9.939320000000000377e-01
9.939320000000000377e-01
9.939320000000000377e-01
9.939320000000000377e-01
9.939320000000000377e-01
9.939320000000000377e-01
9.939320000000000377e-01
9.939320000000000377e-01
9.939320000000000377e-01
9.939320000000000377e-01
9.939320000000000377e-01
9.939320000000000377e-01
9.939320000000000377e-01
9.939320000000000377e-01
9.939320000000000377e-01
9.939320000000000377e-01
9.939320000000000377e-01
9.939320000000000377e-01
9.939320000000000377e-01
9.939320000000000377e-01
9.939320000000000377e-01
9.939320000000000377e-01
9.939320000000000377e-01
9.939320000000000377e-01
9.939320000000000377e-01
9.939329999999999554e-01
9.939329999999999554e-01
9.939329999999999554e-01
9.939329999999999554e-01
9.939329999999999554e-01
9.939329999999999554e-01
9.939329999999999554e-01
9.939329999999999554e-01
9.939329999999999554e-01
9.939329999999999554e-01
9.939329999999999554e-01
9.939329999999999554e-01
9.939329999999999554e-01
9.939329999999999554e-01
9.939329999999999554e-01
9.939329999999999554e-01
9.939329999999999554e-01
9.939329999999999554e-01
9.939329999999999554e-01
9.939329999999999554e-01
9.939329999999999554e-01
9.939329999999999554e-01
9.939329999999999554e-01
9.939329999999999554e-01
9.939329999999999554e-01
9.939329999999999554e-01
9.939329999999999554e-01
9.939329999999999554e-01
9.939329999999999554e-01
9.939329999999999554e-01
9.939329999999999554e-01
9.939329999999999554e-01
9.939329999999999554e-01
9.939329999999999554e-01
9.939329999999999554e-01
9.939329999999999554e-01
9.939329999999999554e-01
9.939329999999999554e-01
9.939339999999999842e-01
9.939339999999999842e-01
9.939339999999999842e-01
9.939339999999999842e-01
9.939339999999999842e-01
9.939339999999999842e-01
9.939339999999999842e-01
9.939339999999999842e-01
9.939339999999999842e-01
9.939339999999999842e-01
9.939339999999999842e-01
9.939339999999999842e-01
9.939339999999999842e-01
9.939339999999999842e-01
9.939339999999999842e-01
9.939339999999999842e-01
9.939339999999999842e-01
9.939339999999999842e-01
9.939339999999999842e-01
9.939339999999999842e-01
