9.985760000000000192e-01
9.985749999999999904e-01
9.985739999999999617e-01
9.985730000000000439e-01
9.985730000000000439e-01
9.985720000000000152e-01
9.985709999999999864e-01
9.985699999999999577e-01
9.985699999999999577e-01
9.985690000000000399e-01
9.985680000000000112e-01
9.985680000000000112e-01
9.985669999999999824e-01
9.985659999999999537e-01
9.985659999999999537e-01
9.985650000000000359e-01
9.985640000000000072e-01
9.985629999999999784e-01
9.985629999999999784e-01
9.985619999999999497e-01
9.985610000000000319e-01
9.985610000000000319e-01
9.985600000000000032e-01
9.985589999999999744e-01
9.985589999999999744e-01
9.985579999999999457e-01
9.985570000000000279e-01
9.985570000000000279e-01
9.985559999999999992e-01
9.985549999999999704e-01
9.985549999999999704e-01
9.985540000000000527e-01
9.985530000000000239e-01
9.985530000000000239e-01
9.985519999999999952e-01
9.985519999999999952e-01
9.985509999999999664e-01
9.985500000000000487e-01
9.985500000000000487e-01
9.985490000000000199e-01
9.985479999999999912e-01
9.985479999999999912e-01
9.985469999999999624e-01
9.985469999999999624e-01
9.985460000000000447e-01
9.985450000000000159e-01
9.985450000000000159e-01
9.985439999999999872e-01
9.985429999999999584e-01
9.985429999999999584e-01
9.985420000000000407e-01
9.985420000000000407e-01
9.985410000000000119e-01
9.985399999999999832e-01
9.985399999999999832e-01
9.985389999999999544e-01
9.985389999999999544e-01
9.985380000000000367e-01
9.985380000000000367e-01
9.985370000000000079e-01
9.985359999999999792e-01
9.985359999999999792e-01
9.985349999999999504e-01
9.985349999999999504e-01
9.985340000000000327e-01
9.985340000000000327e-01
9.985330000000000039e-01
9.985319999999999752e-01
9.985319999999999752e-01
9.985309999999999464e-01
9.985309999999999464e-01
9.985300000000000287e-01
9.985300000000000287e-01
9.985289999999999999e-01
9.985289999999999999e-01
9.985279999999999712e-01
9.985279999999999712e-01
9.985270000000000534e-01
9.985270000000000534e-01
9.985260000000000247e-01
9.985260000000000247e-01
9.985249999999999959e-01
9.985249999999999959e-01
9.985239999999999672e-01
9.985239999999999672e-01
9.985230000000000494e-01
9.985230000000000494e-01
9.985220000000000207e-01
9.985220000000000207e-01
9.985209999999999919e-01
9.985209999999999919e-01
9.985199999999999632e-01
9.985199999999999632e-01
9.985190000000000454e-01
9.985190000000000454e-01
9.985180000000000167e-01
9.985180000000000167e-01
9.985169999999999879e-01
9.985169999999999879e-01
9.985159999999999592e-01
9.985159999999999592e-01
9.985150000000000414e-01
9.985150000000000414e-01
9.985150000000000414e-01
9.985140000000000127e-01
9.985140000000000127e-01
9.985129999999999839e-01
9.985129999999999839e-01
9.985119999999999552e-01
9.985119999999999552e-01
9.985110000000000374e-01
9.985110000000000374e-01
9.985110000000000374e-01
9.985100000000000087e-01
9.985100000000000087e-01
9.985089999999999799e-01
9.985089999999999799e-01
9.985089999999999799e-01
9.985079999999999512e-01
9.985079999999999512e-01
9.985070000000000334e-01
9.985070000000000334e-01
9.985070000000000334e-01
9.985060000000000047e-01
9.985060000000000047e-01
9.985049999999999759e-01
9.985049999999999759e-01
9.985049999999999759e-01
9.985039999999999472e-01
9.985039999999999472e-01
9.985030000000000294e-01
9.985030000000000294e-01
9.985030000000000294e-01
9.985020000000000007e-01
9.985020000000000007e-01
9.985020000000000007e-01
9.985009999999999719e-01
9.985009999999999719e-01
9.985009999999999719e-01
9.985000000000000542e-01
9.985000000000000542e-01
9.985000000000000542e-01
9.984990000000000254e-01
9.984990000000000254e-01
9.984990000000000254e-01
9.984979999999999967e-01
9.984979999999999967e-01
9.984979999999999967e-01
9.984969999999999679e-01
9.984969999999999679e-01
9.984969999999999679e-01
9.984960000000000502e-01
9.984960000000000502e-01
9.984960000000000502e-01
9.984960000000000502e-01
9.984950000000000214e-01
9.984950000000000214e-01
9.984920000000000462e-01
9.983729999999999549e-01
9.981520000000000392e-01
9.978510000000000435e-01
9.974849999999999550e-01
9.970609999999999751e-01
9.965880000000000294e-01
9.960729999999999862e-01
9.955230000000000468e-01
9.949459999999999971e-01
9.943490000000000384e-01
9.937399999999999567e-01
9.931280000000000108e-01
9.925230000000000441e-01
9.919369999999999576e-01
9.913870000000000182e-01
9.908979999999999455e-01
9.905439999999999801e-01
9.902800000000000491e-01
9.900470000000000104e-01
9.898350000000000204e-01
9.896399999999999642e-01
9.894579999999999487e-01
9.892889999999999739e-01
9.891299999999999537e-01
9.889809999999999990e-01
9.888400000000000523e-01
9.887059999999999738e-01
9.885789999999999855e-01
9.884579999999999478e-01
9.883429999999999715e-01
9.882339999999999458e-01
9.881290000000000351e-01
9.880280000000000173e-01
9.879759999999999653e-01
9.879620000000000068e-01
9.879719999999999613e-01
9.879989999999999606e-01
9.880360000000000253e-01
9.880759999999999543e-01
9.881069999999999576e-01
9.880740000000000078e-01
9.880060000000000509e-01
9.879400000000000404e-01
9.878759999999999764e-01
9.878149999999999986e-01
9.877559999999999674e-01
9.877000000000000224e-01
9.876449999999999951e-01
9.875930000000000542e-01
9.875420000000000309e-01
9.874939999999999829e-01
9.873979999999999979e-01
9.872600000000000264e-01
9.870980000000000310e-01
9.869369999999999532e-01
9.867719999999999825e-01
9.866340000000000110e-01
9.865169999999999773e-01
9.864579999999999460e-01
9.864129999999999843e-01
9.863790000000000058e-01
9.863459999999999450e-01
9.863150000000000528e-01
9.862849999999999673e-01
9.862570000000000503e-01
9.862290000000000223e-01
9.862030000000000518e-01
9.861779999999999990e-01
9.861550000000000038e-01
9.861320000000000086e-01
9.861100000000000421e-01
9.860900000000000221e-01
9.860710000000000308e-01
9.860529999999999573e-01
9.860360000000000236e-01
9.860189999999999788e-01
9.860039999999999916e-01
9.859900000000000331e-01
9.859769999999999923e-01
9.859649999999999803e-01
9.859539999999999971e-01
9.859440000000000426e-01
9.859350000000000058e-01
9.859269999999999978e-01
9.859200000000000186e-01
9.859139999999999571e-01
9.859080000000000066e-01
9.859040000000000026e-01
9.859010000000000273e-01
9.858980000000000521e-01
9.858959999999999946e-01
9.858959999999999946e-01
9.858959999999999946e-01
9.858970000000000233e-01
9.858999999999999986e-01
9.859029999999999738e-01
9.859069999999999778e-01
9.859120000000000106e-01
9.859179999999999611e-01
9.859240000000000226e-01
9.859320000000000306e-01
9.859409999999999563e-01
9.859510000000000218e-01
9.859609999999999763e-01
9.859729999999999883e-01
9.859860000000000291e-01
9.859999999999999876e-01
9.860139999999999461e-01
9.860299999999999621e-01
9.860470000000000068e-01
9.860649999999999693e-01
9.860839999999999606e-01
9.861039999999999806e-01
9.861250000000000293e-01
9.861469999999999958e-01
9.861699999999999910e-01
9.861950000000000438e-01
9.862210000000000143e-01
9.862469999999999848e-01
9.862760000000000415e-01
9.863049999999999873e-01
9.863359999999999905e-01
9.863680000000000225e-01
9.864009999999999723e-01
9.864249999999999963e-01
9.865000000000000435e-01
9.866099999999999870e-01
9.867439999999999545e-01
9.868930000000000202e-01
9.870520000000000405e-01
9.872140000000000359e-01
9.873709999999999987e-01
9.874779999999999669e-01
9.875260000000000149e-01
9.875760000000000094e-01
9.876279999999999504e-01
9.876819999999999489e-01
9.877380000000000049e-01
9.877960000000000074e-01
9.878559999999999564e-01
9.879189999999999916e-01
9.879839999999999733e-01
9.880510000000000126e-01
9.881060000000000398e-01
9.880820000000000158e-01
9.880419999999999758e-01
9.880029999999999646e-01
9.879719999999999613e-01
9.879569999999999741e-01
9.879630000000000356e-01
9.880020000000000469e-01
9.880949999999999456e-01
9.881980000000000208e-01
9.883060000000000178e-01
9.884190000000000476e-01
9.885380000000000278e-01
9.886629999999999585e-01
9.887939999999999507e-01
9.889329999999999510e-01
9.890799999999999592e-01
9.892349999999999755e-01
9.893999999999999462e-01
9.895779999999999577e-01
9.897679999999999811e-01
9.899740000000000206e-01
9.901990000000000514e-01
9.904509999999999703e-01
9.907580000000000275e-01
9.912149999999999572e-01
9.917479999999999629e-01
9.923239999999999839e-01
9.929249999999999465e-01
9.935359999999999747e-01
9.941470000000000029e-01
9.947489999999999943e-01
9.953340000000000520e-01
9.958930000000000282e-01
9.964199999999999724e-01
9.969080000000000163e-01
9.973490000000000411e-01
9.977359999999999562e-01
9.980599999999999472e-01
9.983090000000000019e-01
9.984659999999999647e-01
9.984950000000000214e-01
9.984950000000000214e-01
9.984950000000000214e-01
9.984960000000000502e-01
9.984960000000000502e-01
9.984960000000000502e-01
9.984960000000000502e-01
9.984969999999999679e-01
9.984969999999999679e-01
9.984969999999999679e-01
9.984979999999999967e-01
9.984979999999999967e-01
9.984979999999999967e-01
9.984990000000000254e-01
9.984990000000000254e-01
9.984990000000000254e-01
9.985000000000000542e-01
9.985000000000000542e-01
9.985000000000000542e-01
9.985009999999999719e-01
9.985009999999999719e-01
9.985009999999999719e-01
9.985020000000000007e-01
9.985020000000000007e-01
9.985020000000000007e-01
9.985030000000000294e-01
9.985030000000000294e-01
9.985030000000000294e-01
9.985039999999999472e-01
9.985039999999999472e-01
9.985049999999999759e-01
9.985049999999999759e-01
9.985049999999999759e-01
9.985060000000000047e-01
9.985060000000000047e-01
9.985070000000000334e-01
9.985070000000000334e-01
9.985070000000000334e-01
9.985079999999999512e-01
9.985079999999999512e-01
9.985089999999999799e-01
9.985089999999999799e-01
9.985089999999999799e-01
9.985100000000000087e-01
9.985100000000000087e-01
9.985110000000000374e-01
9.985110000000000374e-01
9.985110000000000374e-01
9.985119999999999552e-01
9.985119999999999552e-01
9.985129999999999839e-01
9.985129999999999839e-01
9.985140000000000127e-01
9.985140000000000127e-01
9.985150000000000414e-01
9.985150000000000414e-01
9.985150000000000414e-01
9.985159999999999592e-01
9.985159999999999592e-01
9.985169999999999879e-01
9.985169999999999879e-01
9.985180000000000167e-01
9.985180000000000167e-01
9.985190000000000454e-01
9.985190000000000454e-01
9.985199999999999632e-01
9.985199999999999632e-01
9.985209999999999919e-01
9.985209999999999919e-01
9.985220000000000207e-01
9.985220000000000207e-01
9.985230000000000494e-01
9.985230000000000494e-01
9.985239999999999672e-01
9.985239999999999672e-01
9.985249999999999959e-01
9.985249999999999959e-01
9.985260000000000247e-01
9.985260000000000247e-01
9.985270000000000534e-01
9.985270000000000534e-01
9.985279999999999712e-01
9.985279999999999712e-01
9.985289999999999999e-01
9.985289999999999999e-01
9.985300000000000287e-01
9.985300000000000287e-01
9.985309999999999464e-01
9.985309999999999464e-01
9.985319999999999752e-01
9.985319999999999752e-01
9.985330000000000039e-01
9.985340000000000327e-01
9.985340000000000327e-01
9.985349999999999504e-01
9.985349999999999504e-01
9.985359999999999792e-01
9.985359999999999792e-01
9.985370000000000079e-01
9.985380000000000367e-01
9.985380000000000367e-01
9.985389999999999544e-01
9.985389999999999544e-01
9.985399999999999832e-01
9.985399999999999832e-01
9.985410000000000119e-01
9.985420000000000407e-01
9.985420000000000407e-01
9.985429999999999584e-01
9.985429999999999584e-01
9.985439999999999872e-01
9.985450000000000159e-01
9.985450000000000159e-01
9.985460000000000447e-01
9.985469999999999624e-01
9.985469999999999624e-01
9.985479999999999912e-01
9.985479999999999912e-01
9.985490000000000199e-01
9.985500000000000487e-01
9.985500000000000487e-01
9.985509999999999664e-01
9.985519999999999952e-01
9.985519999999999952e-01
9.985530000000000239e-01
9.985530000000000239e-01
9.985540000000000527e-01
9.985549999999999704e-01
9.985549999999999704e-01
9.985559999999999992e-01
9.985570000000000279e-01
9.985570000000000279e-01
9.985579999999999457e-01
9.985589999999999744e-01
9.985589999999999744e-01
9.985600000000000032e-01
9.985610000000000319e-01
9.985610000000000319e-01
9.985619999999999497e-01
9.985629999999999784e-01
9.985629999999999784e-01
9.985640000000000072e-01
9.985650000000000359e-01
9.985659999999999537e-01
9.985659999999999537e-01
9.985669999999999824e-01
9.985680000000000112e-01
9.985680000000000112e-01
9.985690000000000399e-01
9.985699999999999577e-01
9.985699999999999577e-01
9.985709999999999864e-01
9.985720000000000152e-01
9.985730000000000439e-01
9.985730000000000439e-01
9.985739999999999617e-01
9.985749999999999904e-01
9.985760000000000192e-01
9.996739999999999515e-01
9.996730000000000338e-01
9.996720000000000050e-01
9.996709999999999763e-01
9.996690000000000298e-01
9.996680000000000010e-01
9.996669999999999723e-01
9.996660000000000545e-01
9.996650000000000258e-01
9.996639999999999970e-01
9.996629999999999683e-01
9.996620000000000505e-01
9.996610000000000218e-01
9.996599999999999930e-01
9.996580000000000465e-01
9.996570000000000178e-01
9.996559999999999890e-01
9.996549999999999603e-01
9.996540000000000425e-01
9.996530000000000138e-01
9.996519999999999850e-01
9.996509999999999563e-01
9.996500000000000385e-01
9.996490000000000098e-01
9.996469999999999523e-01
9.996460000000000345e-01
9.996450000000000058e-01
9.996439999999999770e-01
9.996429999999999483e-01
9.996420000000000305e-01
9.996410000000000018e-01
9.996399999999999730e-01
9.996390000000000553e-01
9.996380000000000265e-01
9.996359999999999690e-01
9.996350000000000513e-01
9.996340000000000225e-01
9.996329999999999938e-01
9.996319999999999650e-01
9.996310000000000473e-01
9.996300000000000185e-01
9.996289999999999898e-01
9.996279999999999610e-01
9.996270000000000433e-01
9.996249999999999858e-01
9.996239999999999570e-01
9.996230000000000393e-01
9.996220000000000105e-01
9.996209999999999818e-01
9.996199999999999530e-01
9.996190000000000353e-01
9.996180000000000065e-01
9.996169999999999778e-01
9.996150000000000313e-01
9.996140000000000025e-01
9.996129999999999738e-01
9.996119999999999450e-01
9.996110000000000273e-01
9.996099999999999985e-01
9.996089999999999698e-01
9.996080000000000521e-01
9.996070000000000233e-01
9.996049999999999658e-01
9.996040000000000481e-01
9.996030000000000193e-01
9.996019999999999905e-01
9.996009999999999618e-01
9.996000000000000441e-01
9.995990000000000153e-01
9.995979999999999865e-01
9.995969999999999578e-01
9.995950000000000113e-01
9.995939999999999825e-01
9.995929999999999538e-01
9.995920000000000361e-01
9.995910000000000073e-01
9.995899999999999785e-01
9.995889999999999498e-01
9.995880000000000321e-01
9.995859999999999745e-01
9.995849999999999458e-01
9.995840000000000281e-01
9.995829999999999993e-01
9.995819999999999705e-01
9.995810000000000528e-01
9.995800000000000241e-01
9.995789999999999953e-01
9.995779999999999665e-01
9.995760000000000201e-01
9.995749999999999913e-01
9.995739999999999625e-01
9.995730000000000448e-01
9.995720000000000161e-01
9.995709999999999873e-01
9.995699999999999585e-01
9.995690000000000408e-01
9.995680000000000121e-01
9.995659999999999545e-01
9.995650000000000368e-01
9.995640000000000081e-01
9.995629999999999793e-01
9.995619999999999505e-01
9.995610000000000328e-01
9.995600000000000041e-01
9.995589999999999753e-01
9.995570000000000288e-01
9.995560000000000000e-01
9.995549999999999713e-01
9.995540000000000536e-01
9.995530000000000248e-01
9.995519999999999960e-01
9.995509999999999673e-01
9.995500000000000496e-01
9.995490000000000208e-01
9.995469999999999633e-01
9.995460000000000456e-01
9.995450000000000168e-01
9.995439999999999880e-01
9.995429999999999593e-01
9.995420000000000416e-01
9.995410000000000128e-01
9.995399999999999840e-01
9.995389999999999553e-01
9.995370000000000088e-01
9.995359999999999800e-01
9.995349999999999513e-01
9.995340000000000336e-01
9.995330000000000048e-01
9.995319999999999760e-01
9.995309999999999473e-01
9.995300000000000296e-01
9.995290000000000008e-01
9.995270000000000543e-01
9.995260000000000256e-01
9.995249999999999968e-01
9.995239999999999680e-01
9.995230000000000503e-01
9.995220000000000216e-01
9.995209999999999928e-01
9.995199999999999640e-01
9.995190000000000463e-01
9.995169999999999888e-01
9.995159999999999600e-01
9.995150000000000423e-01
9.995140000000000136e-01
9.995129999999999848e-01
9.995119999999999560e-01
9.995110000000000383e-01
9.995100000000000096e-01
9.995089999999999808e-01
9.995070000000000343e-01
9.995060000000000056e-01
9.995049999999999768e-01
9.995039999999999480e-01
9.995030000000000303e-01
9.995020000000000016e-01
9.995009999999999728e-01
9.994969999999999688e-01
9.993779999999999886e-01
9.991550000000000153e-01
9.988540000000000196e-01
9.984859999999999847e-01
9.980620000000000047e-01
9.975880000000000303e-01
9.970719999999999583e-01
9.965220000000000189e-01
9.959440000000000515e-01
9.953459999999999530e-01
9.947359999999999536e-01
9.941229999999999789e-01
9.935169999999999835e-01
9.929299999999999793e-01
9.923790000000000111e-01
9.918900000000000494e-01
9.915340000000000265e-01
9.912699999999999845e-01
9.910360000000000280e-01
9.908460000000000045e-01
9.907179999999999875e-01
9.906249999999999778e-01
9.905589999999999673e-01
9.905089999999999728e-01
9.904619999999999536e-01
9.903520000000000101e-01
9.902180000000000426e-01
9.900910000000000544e-01
9.899710000000000454e-01
9.898559999999999581e-01
9.897460000000000147e-01
9.896420000000000217e-01
9.895410000000000039e-01
9.894450000000000189e-01
9.893539999999999557e-01
9.892659999999999787e-01
9.891809999999999770e-01
9.890740000000000087e-01
9.888900000000000468e-01
9.887289999999999690e-01
9.885279999999999623e-01
9.883450000000000291e-01
9.882100000000000328e-01
9.881259999999999488e-01
9.880630000000000246e-01
9.880020000000000469e-01
9.879440000000000444e-01
9.878879999999999884e-01
9.878329999999999611e-01
9.877810000000000201e-01
9.877310000000000256e-01
9.876819999999999489e-01
9.876350000000000406e-01
9.875899999999999679e-01
9.875469999999999526e-01
9.875049999999999661e-01
9.874650000000000372e-01
9.874260000000000259e-01
9.874009999999999732e-01
9.873640000000000194e-01
9.873290000000000122e-01
9.872959999999999514e-01
9.872640000000000304e-01
9.872330000000000272e-01
9.872030000000000527e-01
9.871750000000000247e-01
9.871480000000000254e-01
9.871220000000000550e-01
9.870970000000000022e-01
9.870729999999999782e-01
9.870510000000000117e-01
9.870290000000000452e-01
9.870090000000000252e-01
9.869900000000000340e-01
9.869719999999999605e-01
9.869550000000000267e-01
9.869390000000000107e-01
9.869240000000000235e-01
9.869099999999999540e-01
9.868970000000000242e-01
9.868850000000000122e-01
9.868730000000000002e-01
9.868630000000000457e-01
9.868540000000000090e-01
9.868460000000000010e-01
9.868390000000000217e-01
9.868320000000000425e-01
9.868270000000000097e-01
9.868230000000000057e-01
9.868190000000000017e-01
9.868160000000000265e-01
9.868149999999999977e-01
9.868139999999999690e-01
9.868139999999999690e-01
9.868149999999999977e-01
9.868170000000000552e-01
9.868200000000000305e-01
9.868240000000000345e-01
9.868289999999999562e-01
9.868350000000000177e-01
9.868419999999999970e-01
9.868489999999999762e-01
9.868580000000000130e-01
9.868679999999999675e-01
9.868780000000000330e-01
9.868900000000000450e-01
9.869019999999999460e-01
9.869160000000000155e-01
9.869310000000000027e-01
9.869459999999999900e-01
9.869630000000000347e-01
9.869809999999999972e-01
9.869999999999999885e-01
9.870200000000000085e-01
9.870409999999999462e-01
9.870630000000000237e-01
9.870870000000000477e-01
9.871109999999999607e-01
9.871370000000000422e-01
9.871640000000000414e-01
9.871929999999999872e-01
9.872220000000000439e-01
9.872530000000000472e-01
9.872859999999999969e-01
9.873079999999999634e-01
9.873420000000000529e-01
9.873790000000000067e-01
9.874159999999999604e-01
9.874549999999999716e-01
9.874960000000000404e-01
9.875389999999999446e-01
9.875829999999999886e-01
9.876289999999999791e-01
9.876759999999999984e-01
9.877259999999999929e-01
9.877770000000000161e-01
9.878310000000000146e-01
9.878869999999999596e-01
9.879449999999999621e-01
9.880050000000000221e-01
9.880670000000000286e-01
9.881320000000000103e-01
9.881990000000000496e-01
9.882699999999999818e-01
9.883429999999999715e-01
9.884180000000000188e-01
9.884979999999999878e-01
9.885800000000000143e-01
9.886660000000000448e-01
9.887559999999999683e-01
9.888489999999999780e-01
9.889470000000000205e-01
9.890489999999999560e-01
9.891560000000000352e-01
9.892680000000000362e-01
9.893849999999999589e-01
9.895089999999999719e-01
9.896390000000000464e-01
9.897770000000000179e-01
9.899219999999999686e-01
9.900769999999999849e-01
9.902410000000000379e-01
9.904169999999999918e-01
9.906059999999999865e-01
9.908109999999999973e-01
9.910349999999999993e-01
9.912849999999999717e-01
9.915910000000000002e-01
9.920470000000000121e-01
9.925789999999999891e-01
9.931539999999999813e-01
9.937529999999999974e-01
9.943629999999999969e-01
9.949729999999999963e-01
9.955739999999999590e-01
9.961569999999999592e-01
9.967150000000000176e-01
9.972410000000000441e-01
9.977270000000000305e-01
9.981680000000000552e-01
9.985530000000000239e-01
9.988759999999999861e-01
9.991240000000000121e-01
9.992799999999999461e-01
9.993069999999999453e-01
9.993060000000000276e-01
9.993049999999999988e-01
9.993039999999999701e-01
9.993030000000000523e-01
9.993020000000000236e-01
9.993009999999999948e-01
9.992999999999999661e-01
9.992990000000000483e-01
9.992990000000000483e-01
9.992980000000000196e-01
9.992969999999999908e-01
9.992959999999999621e-01
9.992950000000000443e-01
9.992940000000000156e-01
9.992929999999999868e-01
9.992919999999999581e-01
9.992910000000000403e-01
9.992900000000000116e-01
9.992889999999999828e-01
9.992879999999999541e-01
9.992870000000000363e-01
9.992860000000000076e-01
9.992860000000000076e-01
9.992849999999999788e-01
9.992839999999999501e-01
9.992830000000000323e-01
9.992820000000000036e-01
9.992809999999999748e-01
9.992799999999999461e-01
9.992790000000000283e-01
9.992779999999999996e-01
9.992769999999999708e-01
9.992760000000000531e-01
9.992760000000000531e-01
9.992750000000000243e-01
9.992739999999999956e-01
9.992729999999999668e-01
9.992720000000000491e-01
9.992710000000000203e-01
9.992699999999999916e-01
9.992689999999999628e-01
9.992680000000000451e-01
9.992670000000000163e-01
9.992659999999999876e-01
9.992659999999999876e-01
9.992649999999999588e-01
9.992640000000000411e-01
9.992630000000000123e-01
9.992619999999999836e-01
9.992609999999999548e-01
9.992600000000000371e-01
9.992590000000000083e-01
9.992579999999999796e-01
9.992569999999999508e-01
9.992560000000000331e-01
9.992550000000000043e-01
9.992539999999999756e-01
9.992529999999999468e-01
9.992520000000000291e-01
9.992510000000000003e-01
9.992499999999999716e-01
9.992490000000000538e-01
9.992480000000000251e-01
9.992469999999999963e-01
9.992459999999999676e-01
9.992450000000000498e-01
9.992440000000000211e-01
9.992429999999999923e-01
9.992419999999999636e-01
9.992410000000000458e-01
9.992400000000000171e-01
9.992389999999999883e-01
9.992379999999999596e-01
9.992370000000000418e-01
9.992360000000000131e-01
9.992349999999999843e-01
9.992339999999999556e-01
9.992330000000000378e-01
9.992320000000000091e-01
9.992299999999999516e-01
9.992290000000000338e-01
9.992280000000000051e-01
9.992269999999999763e-01
9.992259999999999476e-01
9.992250000000000298e-01
9.992240000000000011e-01
9.992229999999999723e-01
9.992220000000000546e-01
9.992199999999999971e-01
9.992189999999999683e-01
9.992180000000000506e-01
9.992170000000000218e-01
9.992159999999999931e-01
9.992149999999999643e-01
9.992130000000000178e-01
9.992119999999999891e-01
9.992109999999999603e-01
9.992100000000000426e-01
9.992090000000000138e-01
9.992079999999999851e-01
9.992060000000000386e-01
9.992050000000000098e-01
9.992039999999999811e-01
9.992029999999999523e-01
9.992020000000000346e-01
9.991999999999999771e-01
9.991989999999999483e-01
9.991980000000000306e-01
9.991970000000000018e-01
9.991959999999999731e-01
9.991940000000000266e-01
9.991929999999999978e-01
9.991919999999999691e-01
9.991910000000000514e-01
9.991900000000000226e-01
9.991879999999999651e-01
9.991870000000000474e-01
9.991860000000000186e-01
9.991849999999999898e-01
9.991839999999999611e-01
9.991820000000000146e-01
9.991809999999999858e-01
9.991799999999999571e-01
9.991790000000000393e-01
9.991780000000000106e-01
9.991759999999999531e-01
9.991750000000000353e-01
9.991740000000000066e-01
9.991729999999999778e-01
9.991719999999999491e-01
9.991710000000000313e-01
9.991689999999999738e-01
9.991679999999999451e-01
9.991670000000000273e-01
9.991659999999999986e-01
9.991649999999999698e-01
9.991630000000000233e-01
9.991619999999999946e-01
9.991609999999999658e-01
9.991600000000000481e-01
9.991590000000000193e-01
9.991579999999999906e-01
9.991569999999999618e-01
9.991550000000000153e-01
9.991539999999999866e-01
9.991529999999999578e-01
9.991520000000000401e-01
9.991510000000000113e-01
9.991499999999999826e-01
9.991480000000000361e-01
9.991470000000000073e-01
9.991459999999999786e-01
9.991449999999999498e-01
9.991430000000000033e-01
9.991419999999999746e-01
9.991409999999999458e-01
9.991400000000000281e-01
