9.963188057681365839e-01
9.963198057328135349e-01
9.963198057328135349e-01
9.963198057328135349e-01
9.963208056974905968e-01
9.963218056621675478e-01
9.963228056268444988e-01
9.963248055561985117e-01
9.963268054855524136e-01
9.963278054502293646e-01
9.963298053795832665e-01
9.963328052736143414e-01
9.963348052029682433e-01
9.963378050969992072e-01
9.963408049910301711e-01
9.963438048850611350e-01
9.963478047437690499e-01
9.963508046377999028e-01
9.963548044965078176e-01
9.963588043552158435e-01
9.963628042139237584e-01
9.963678040373086242e-01
9.963728038606934900e-01
9.963778036840784669e-01
9.963828035074633327e-01
9.963878033308481985e-01
9.963938031189101263e-01
9.963988029422951032e-01
9.964048027303569199e-01
9.964118024830956877e-01
9.964178022711576155e-01
9.964248020238964942e-01
9.964308018119583110e-01
9.964388015293742518e-01
9.964458012821130195e-01
9.964528010348520093e-01
9.964608007522678390e-01
9.964688004696835577e-01
9.964768001870993874e-01
9.964847999045153282e-01
9.964937995866081089e-01
9.965017993040240496e-01
9.965107989861168303e-01
9.965197986682096110e-01
9.965297983149794536e-01
9.965387979970722343e-01
9.965487976438420770e-01
9.965587972906118086e-01
9.965687969373817623e-01
9.965787965841514939e-01
9.965897961955982876e-01
9.966007958070449702e-01
9.966117954184917638e-01
9.966227950299386684e-01
9.966337946413854620e-01
9.966447942528321446e-01
9.966567938289560002e-01
9.966687934050797448e-01
9.966807929812034894e-01
9.966927925573272340e-01
9.967057920981279295e-01
9.967177916742517851e-01
9.967307912150525917e-01
9.967437907558531762e-01
9.967567902966539828e-01
9.967707898021317403e-01
9.967837893429324359e-01
9.967977888484101934e-01
9.968117883538879509e-01
9.968257878593655974e-01
9.968397873648433549e-01
9.968537868703211124e-01
9.968687863404758209e-01
9.968837858106305294e-01
9.968987852807852379e-01
9.969137847509399464e-01
9.969287842210945438e-01
9.969437836912492523e-01
9.969597831260810228e-01
9.969757825609126822e-01
9.969917819957443417e-01
9.970077814305761121e-01
9.970237808654077716e-01
9.970397803002395420e-01
9.970567796997480414e-01
9.970727791345798119e-01
9.970897785340885333e-01
9.971067779335971437e-01
9.971237773331058651e-01
9.971407767326144755e-01
9.971587760968001479e-01
9.971757754963087583e-01
9.971937748604944307e-01
9.972117742246801031e-01
9.972297735888656645e-01
9.972477729530514479e-01
9.972657723172370092e-01
9.972837716814225706e-01
9.973027710102851939e-01
9.973207703744709773e-01
9.973397697033336007e-01
9.973587690321962240e-01
9.973777683610588474e-01
9.973967676899214707e-01
9.974157670187840941e-01
9.974347663476467174e-01
9.974537656765093407e-01
9.974737649700489150e-01
9.974927642989115384e-01
9.975127635924512237e-01
9.975327628859907980e-01
9.975527621795304833e-01
9.975727614730700576e-01
9.975927607666095209e-01
9.976127600601492063e-01
9.976327593536887806e-01
9.976537586119054168e-01
9.976737579054449911e-01
9.976937571989845654e-01
9.977147564572012017e-01
9.977357557154177270e-01
9.977557550089574123e-01
9.977767542671740486e-01
9.977977535253905739e-01
9.978187527836072102e-01
9.978397520418237354e-01
9.978607513000403717e-01
9.978817505582570080e-01
9.979027498164735333e-01
9.979247490393671205e-01
9.979457482975837568e-01
9.979667475558002820e-01
9.979877468140169183e-01
9.980097460369103946e-01
9.980307452951270308e-01
9.980527445180206181e-01
9.980737437762372544e-01
9.980957429991307306e-01
9.981167422573473669e-01
9.981387414802409541e-01
9.981607407031344303e-01
9.981817399613510666e-01
9.982037391842446539e-01
9.982257384071381301e-01
9.982467376653547664e-01
9.982687368882483536e-01
9.982907361111419409e-01
9.983117353693584661e-01
9.983337345922520534e-01
9.983557338151456406e-01
9.983777330380392279e-01
9.983987322962558641e-01
9.984207315191494514e-01
9.984427307420429276e-01
9.984637300002595639e-01
9.984857292231531511e-01
9.985077284460466274e-01
9.985287277042632637e-01
9.985507269271568509e-01
9.985717261853734872e-01
9.985937254082669634e-01
9.986147246664835997e-01
9.986357239247001250e-01
9.986577231475938232e-01
9.986787224058103485e-01
9.986997216640269848e-01
9.987217208869204610e-01
9.987427201451370973e-01
9.987637194033536225e-01
9.987847186615702588e-01
9.988057179197867841e-01
9.988267171780034204e-01
9.988467164715431057e-01
9.988677157297596310e-01
9.988887149879762672e-01
9.989087142815158415e-01
9.989297135397323668e-01
9.989497128332720521e-01
9.989697121268116264e-01
9.989907113850281517e-01
9.990107106785678370e-01
9.990307099721074113e-01
9.990507092656470967e-01
9.990697085945097200e-01
9.990897078880492943e-01
9.991097071815888686e-01
9.991287065104516030e-01
9.991487058039910663e-01
9.991677051328536896e-01
9.991867044617164240e-01
9.992057037905790473e-01
9.992247031194416707e-01
9.992427024836272320e-01
9.992617018124898554e-01
9.992797011766755277e-01
9.992977005408612001e-01
9.993156999050468725e-01
9.993336992692324339e-01
9.993516986334182173e-01
9.993696979976037786e-01
9.993866973971125001e-01
9.994036967966211105e-01
9.994206961961298319e-01
9.994376955956384423e-01
9.994546949951471637e-01
9.994716943946558851e-01
9.994876938294875446e-01
9.995036932643190930e-01
9.995196926991508635e-01
9.995356921339825229e-01
9.995506916041372314e-01
9.995656910742919399e-01
9.995806905444466484e-01
9.995956900146014679e-01
9.996106894847560653e-01
9.996256889549107738e-01
9.996396884603885313e-01
9.996536879658662889e-01
9.996676874713439354e-01
9.996816869768216929e-01
9.996946865176223884e-01
9.997076860584231950e-01
9.997206855992238905e-01
9.997326851753476351e-01
9.997446847514714907e-01
9.997566843275952353e-01
9.997686839037189799e-01
9.997796835151657735e-01
9.997906831266125671e-01
9.998016827380593607e-01
9.998126823495060433e-01
9.998226819962759970e-01
9.998326816430457287e-01
9.998426812898155713e-01
9.998516809719083520e-01
9.998606806540011327e-01
9.998696803360940244e-01
9.998786800181868051e-01
9.998866797356026348e-01
9.998946794530184645e-01
9.999016792057573433e-01
9.999086789584963331e-01
9.999156787112351008e-01
9.999216784992969176e-01
9.999266783226818944e-01
9.999316781460668713e-01
9.999366779694516261e-01
9.999406778281595409e-01
9.999446776868675668e-01
9.999486775455754817e-01
9.999516774396063346e-01
9.999546773336374095e-01
9.999566772629913114e-01
9.999586771923453243e-01
9.999606771216992263e-01
9.999616770863761772e-01
9.999636770157300791e-01
9.999636770157300791e-01
9.999646769804071411e-01
9.999646769804071411e-01
9.999646769804071411e-01
9.999636770157300791e-01
9.999636770157300791e-01
9.999626770510532392e-01
9.999616770863761772e-01
9.999596771570221643e-01
9.999586771923453243e-01
9.999576772276682624e-01
9.999556772983142494e-01
9.999536773689603475e-01
9.999526774042833965e-01
9.999506774749294946e-01
9.999496775102524326e-01
9.999476775808984197e-01
9.999466776162215798e-01
9.999446776868675668e-01
9.999426777575135539e-01
9.999406778281595409e-01
9.999396778634825900e-01
9.999376779341286881e-01
9.999356780047747861e-01
9.999336780754207732e-01
9.999316781460668713e-01
9.999296782167128583e-01
9.999276782873589564e-01
9.999256783580049435e-01
9.999236784286510415e-01
9.999216784992969176e-01
9.999196785699430157e-01
9.999176786405890027e-01
9.999156787112351008e-01
9.999136787818810879e-01
9.999106788878502350e-01
9.999086789584963331e-01
9.999066790291423201e-01
9.999046790997884182e-01
9.999026791704342942e-01
9.998996792764034414e-01
9.998976793470494284e-01
9.998956794176955265e-01
9.998926795236645626e-01
9.998906795943105497e-01
9.998886796649566477e-01
9.998856797709256838e-01
9.998836798415717819e-01
9.998816799122176580e-01
9.998786800181868051e-01
9.998766800888329032e-01
9.998736801948019393e-01
9.998716802654479263e-01
9.998686803714170734e-01
9.998666804420630605e-01
9.998646805127091586e-01
9.998616806186781947e-01
9.998596806893241817e-01
9.998566807952932178e-01
9.998546808659392049e-01
9.998516809719083520e-01
9.998496810425544501e-01
9.998466811485234862e-01
9.998436812544925223e-01
9.998416813251386204e-01
9.998386814311076565e-01
9.998366815017536435e-01
9.998336816077226796e-01
9.998306817136918268e-01
9.998286817843378138e-01
9.998256818903068499e-01
9.998236819609529480e-01
9.998206820669219841e-01
9.998176821728910202e-01
9.998156822435371183e-01
9.998126823495060433e-01
9.998106824201521414e-01
9.998076825261212885e-01
9.998046826320902136e-01
9.998026827027363117e-01
9.997996828087053478e-01
9.997976828793513349e-01
9.997946829853204820e-01
9.997916830912895181e-01
9.997896831619355051e-01
9.997866832679046523e-01
9.997846833385507503e-01
9.997816834445196754e-01
9.997786835504887115e-01
9.997766836211348096e-01
9.997736837271038457e-01
9.997706838330728818e-01
9.997686839037189799e-01
9.997656840096881270e-01
9.997626841156570521e-01
9.997606841863031502e-01
9.997576842922721863e-01
9.997546843982412224e-01
9.997526844688873204e-01
9.997496845748563565e-01
9.997466846808253926e-01
9.997446847514714907e-01
9.997416848574405268e-01
9.997386849634096739e-01
9.997366850340555500e-01
9.997336851400246971e-01
9.997316852106706841e-01
9.997286853166397202e-01
9.997256854226088674e-01
9.997236854932548544e-01
9.997206855992238905e-01
9.997186856698699886e-01
9.997156857758389137e-01
9.997126858818080608e-01
9.997106859524541589e-01
9.997076860584231950e-01
9.997056861290691820e-01
9.997026862350383292e-01
9.997006863056843162e-01
9.996976864116533523e-01
9.996946865176223884e-01
9.996926865882683755e-01
9.996896866942375226e-01
9.996876867648836207e-01
9.996846868708526568e-01
9.996826869414986438e-01
9.996796870474677910e-01
9.996776871181137780e-01
9.996746872240828141e-01
9.996726872947289122e-01
9.996696874006978373e-01
9.996676874713439354e-01
9.996646875773130825e-01
9.996626876479590695e-01
9.996596877539281056e-01
9.996576878245742037e-01
9.996546879305431288e-01
9.996526880011892269e-01
9.996506880718352139e-01
9.996476881778043611e-01
9.996456882484504591e-01
9.996426883544193842e-01
9.996406884250654823e-01
9.996386884957114694e-01
9.996356886016806165e-01
9.996336886723266035e-01
9.996316887429725906e-01
9.996296888136186887e-01
9.996266889195878358e-01
9.996246889902338228e-01
9.996226890608799209e-01
9.996206891315259080e-01
9.996186892021720061e-01
9.996156893081409311e-01
9.996136893787870292e-01
9.996116894494330163e-01
9.996096895200791144e-01
9.996076895907251014e-01
9.996056896613711995e-01
9.996036897320172976e-01
9.996016898026632846e-01
9.995996898733093827e-01
9.995976899439553698e-01
9.995956900146014679e-01
9.995936900852474549e-01
9.995916901558934420e-01
9.995896902265394290e-01
9.995876902971855271e-01
9.995856903678315142e-01
9.995836904384776123e-01
9.995816905091235993e-01
9.995796905797696974e-01
9.995786906150927464e-01
9.995766906857387335e-01
9.995746907563848316e-01
9.995726908270308186e-01
9.995716908623538677e-01
9.995696909329998547e-01
9.995676910036459528e-01
9.995666910389688908e-01
9.995646911096149889e-01
9.995626911802609760e-01
9.995616912155840250e-01
9.995596912862301231e-01
9.995586913215530611e-01
9.995566913921991592e-01
9.995556914275222082e-01
9.995536914981681953e-01
9.995526915334912443e-01
9.995516915688141824e-01
9.995496916394601694e-01
9.995486916747833295e-01
9.995476917101062675e-01
9.995456917807523656e-01
9.995446918160754146e-01
9.995436918513983526e-01
9.995426918867214017e-01
9.995406919573674998e-01
9.995396919926904378e-01
9.995386920280134868e-01
9.995376920633365359e-01
9.995366920986595849e-01
9.995356921339825229e-01
9.995346921693055720e-01
9.995336922046286210e-01
9.995326922399516700e-01
9.995316922752746081e-01
9.995306923105975461e-01
9.995296923459207061e-01
9.995286923812436441e-01
9.995276924165666932e-01
9.995266924518896312e-01
9.995256924872127913e-01
9.995246925225357293e-01
9.995236925578587783e-01
9.995236925578587783e-01
9.995226925931817163e-01
9.995216926285048764e-01
9.995216926285048764e-01
9.995206926638278144e-01
9.995196926991508635e-01
9.995196926991508635e-01
9.995186927344739125e-01
9.995186927344739125e-01
9.995176927697969615e-01
9.995176927697969615e-01
9.995166928051198996e-01
9.995166928051198996e-01
9.995156928404429486e-01
9.995156928404429486e-01
9.995156928404429486e-01
9.995146928757659976e-01
9.995146928757659976e-01
9.995146928757659976e-01
9.995136929110890467e-01
9.995136929110890467e-01
9.995136929110890467e-01
9.995136929110890467e-01
9.995136929110890467e-01
9.995136929110890467e-01
9.995126929464119847e-01
9.995126929464119847e-01
9.995126929464119847e-01
9.995126929464119847e-01
9.995126929464119847e-01
9.995126929464119847e-01
9.995136929110890467e-01
9.995136929110890467e-01
9.995136929110890467e-01
9.995136929110890467e-01
9.995136929110890467e-01
9.995136929110890467e-01
9.995146928757659976e-01
9.995146928757659976e-01
9.995146928757659976e-01
9.995156928404429486e-01
9.995156928404429486e-01
9.995156928404429486e-01
9.995166928051198996e-01
9.995166928051198996e-01
9.995176927697969615e-01
9.995176927697969615e-01
9.995186927344739125e-01
9.995186927344739125e-01
9.995196926991508635e-01
9.995196926991508635e-01
9.995206926638278144e-01
9.995216926285048764e-01
9.995216926285048764e-01
9.995226925931817163e-01
9.995236925578587783e-01
9.995236925578587783e-01
9.995246925225357293e-01
9.995256924872127913e-01
9.995266924518896312e-01
9.995276924165666932e-01
9.995286923812436441e-01
9.995296923459207061e-01
9.995306923105975461e-01
9.995316922752746081e-01
9.995326922399516700e-01
9.995336922046286210e-01
9.995346921693055720e-01
9.995356921339825229e-01
9.995366920986595849e-01
9.995376920633365359e-01
9.995386920280134868e-01
9.995396919926904378e-01
9.995406919573674998e-01
9.995426918867214017e-01
9.995436918513983526e-01
9.995446918160754146e-01
9.995456917807523656e-01
9.995476917101062675e-01
9.995486916747833295e-01
9.995496916394601694e-01
9.995516915688141824e-01
9.995526915334912443e-01
9.995536914981681953e-01
9.995556914275222082e-01
9.995566913921991592e-01
9.995586913215530611e-01
9.995596912862301231e-01
9.995616912155840250e-01
9.995626911802609760e-01
9.995646911096149889e-01
9.995666910389688908e-01
9.995676910036459528e-01
9.995696909329998547e-01
9.995716908623538677e-01
9.995726908270308186e-01
9.995746907563848316e-01
9.995766906857387335e-01
9.995786906150927464e-01
9.995796905797696974e-01
9.995816905091235993e-01
9.995836904384776123e-01
9.995856903678315142e-01
9.995876902971855271e-01
9.995896902265394290e-01
9.995916901558934420e-01
9.995936900852474549e-01
9.995956900146014679e-01
9.995976899439553698e-01
9.995996898733093827e-01
9.996016898026632846e-01
9.996036897320172976e-01
9.996056896613711995e-01
9.996076895907251014e-01
9.996096895200791144e-01
9.996116894494330163e-01
9.996136893787870292e-01
9.996156893081409311e-01
9.996186892021720061e-01
9.996206891315259080e-01
9.996226890608799209e-01
9.996246889902338228e-01
9.996266889195878358e-01
9.996296888136186887e-01
9.996316887429725906e-01
9.996336886723266035e-01
9.996356886016806165e-01
9.996386884957114694e-01
9.996406884250654823e-01
9.996426883544193842e-01
9.996456882484504591e-01
9.996476881778043611e-01
9.996506880718352139e-01
9.996526880011892269e-01
9.996546879305431288e-01
9.996576878245742037e-01
9.996596877539281056e-01
9.996626876479590695e-01
9.996646875773130825e-01
9.996676874713439354e-01
9.996696874006978373e-01
9.996726872947289122e-01
9.996746872240828141e-01
9.996776871181137780e-01
9.996796870474677910e-01
9.996826869414986438e-01
9.996846868708526568e-01
9.996876867648836207e-01
9.996896866942375226e-01
9.996926865882683755e-01
9.996946865176223884e-01
9.996976864116533523e-01
9.997006863056843162e-01
9.997026862350383292e-01
9.997056861290691820e-01
9.997076860584231950e-01
9.997106859524541589e-01
9.997126858818080608e-01
9.997156857758389137e-01
9.997186856698699886e-01
9.997206855992238905e-01
9.997236854932548544e-01
9.997256854226088674e-01
9.997286853166397202e-01
9.997316852106706841e-01
9.997336851400246971e-01
9.997366850340555500e-01
9.997386849634096739e-01
9.997416848574405268e-01
9.997446847514714907e-01
9.997466846808253926e-01
9.997496845748563565e-01
9.997526844688873204e-01
9.997546843982412224e-01
9.997576842922721863e-01
9.997606841863031502e-01
9.997626841156570521e-01
9.997656840096881270e-01
9.997686839037189799e-01
9.997706838330728818e-01
9.997736837271038457e-01
9.997766836211348096e-01
9.997786835504887115e-01
9.997816834445196754e-01
9.997846833385507503e-01
9.997866832679046523e-01
9.997896831619355051e-01
9.997916830912895181e-01
9.997946829853204820e-01
9.997976828793513349e-01
9.997996828087053478e-01
9.998026827027363117e-01
9.998046826320902136e-01
9.998076825261212885e-01
9.998106824201521414e-01
9.998126823495060433e-01
9.998156822435371183e-01
9.998176821728910202e-01
9.998206820669219841e-01
9.998236819609529480e-01
9.998256818903068499e-01
9.998286817843378138e-01
9.998306817136918268e-01
9.998336816077226796e-01
9.998366815017536435e-01
9.998386814311076565e-01
9.998416813251386204e-01
9.998436812544925223e-01
9.998466811485234862e-01
9.998496810425544501e-01
9.998516809719083520e-01
9.998546808659392049e-01
9.998566807952932178e-01
9.998596806893241817e-01
9.998616806186781947e-01
9.998646805127091586e-01
9.998666804420630605e-01
9.998686803714170734e-01
9.998716802654479263e-01
9.998736801948019393e-01
9.998766800888329032e-01
9.998786800181868051e-01
9.998816799122176580e-01
9.998836798415717819e-01
9.998856797709256838e-01
9.998886796649566477e-01
9.998906795943105497e-01
9.998926795236645626e-01
9.998956794176955265e-01
9.998976793470494284e-01
9.998996792764034414e-01
9.999026791704342942e-01
9.999046790997884182e-01
9.999066790291423201e-01
9.999086789584963331e-01
9.999106788878502350e-01
9.999136787818810879e-01
9.999156787112351008e-01
9.999176786405890027e-01
9.999196785699430157e-01
9.999216784992969176e-01
9.999236784286510415e-01
9.999256783580049435e-01
9.999276782873589564e-01
9.999296782167128583e-01
9.999316781460668713e-01
9.999336780754207732e-01
9.999356780047747861e-01
9.999376779341286881e-01
9.999396778634825900e-01
9.999406778281595409e-01
9.999426777575135539e-01
9.999446776868675668e-01
9.999466776162215798e-01
9.999476775808984197e-01
9.999496775102524326e-01
9.999506774749294946e-01
9.999526774042833965e-01
9.999536773689603475e-01
9.999556772983142494e-01
9.999576772276682624e-01
9.999586771923453243e-01
9.999596771570221643e-01
9.999616770863761772e-01
9.999626770510532392e-01
9.999636770157300791e-01
9.999636770157300791e-01
9.999646769804071411e-01
9.999646769804071411e-01
9.999646769804071411e-01
9.999636770157300791e-01
9.999636770157300791e-01
9.999616770863761772e-01
9.999606771216992263e-01
9.999586771923453243e-01
9.999566772629913114e-01
9.999546773336374095e-01
9.999516774396063346e-01
9.999486775455754817e-01
9.999446776868675668e-01
9.999406778281595409e-01
9.999366779694516261e-01
9.999316781460668713e-01
9.999266783226818944e-01
9.999216784992969176e-01
9.999156787112351008e-01
9.999086789584963331e-01
9.999016792057573433e-01
9.998946794530184645e-01
9.998866797356026348e-01
9.998786800181868051e-01
9.998696803360940244e-01
9.998606806540011327e-01
9.998516809719083520e-01
9.998426812898155713e-01
9.998326816430457287e-01
9.998226819962759970e-01
9.998126823495060433e-01
9.998016827380593607e-01
9.997906831266125671e-01
9.997796835151657735e-01
9.997686839037189799e-01
9.997566843275952353e-01
9.997446847514714907e-01
9.997326851753476351e-01
9.997206855992238905e-01
9.997076860584231950e-01
9.996946865176223884e-01
9.996816869768216929e-01
9.996676874713439354e-01
9.996536879658662889e-01
9.996396884603885313e-01
9.996256889549107738e-01
9.996106894847560653e-01
9.995956900146014679e-01
9.995806905444466484e-01
9.995656910742919399e-01
9.995506916041372314e-01
9.995356921339825229e-01
9.995196926991508635e-01
9.995036932643190930e-01
9.994876938294875446e-01
9.994716943946558851e-01
9.994546949951471637e-01
9.994376955956384423e-01
9.994206961961298319e-01
9.994036967966211105e-01
9.993866973971125001e-01
9.993696979976037786e-01
9.993516986334182173e-01
9.993336992692324339e-01
9.993156999050468725e-01
9.992977005408612001e-01
9.992797011766755277e-01
9.992617018124898554e-01
9.992427024836272320e-01
9.992247031194416707e-01
9.992057037905790473e-01
9.991867044617164240e-01
9.991677051328536896e-01
9.991487058039910663e-01
9.991287065104516030e-01
9.991097071815888686e-01
9.990897078880492943e-01
9.990697085945097200e-01
9.990507092656470967e-01
9.990307099721074113e-01
9.990107106785678370e-01
9.989907113850281517e-01
9.989697121268116264e-01
9.989497128332720521e-01
9.989297135397323668e-01
9.989087142815158415e-01
9.988887149879762672e-01
9.988677157297596310e-01
9.988467164715431057e-01
9.988267171780034204e-01
9.988057179197867841e-01
9.987847186615702588e-01
9.987637194033536225e-01
9.987427201451370973e-01
9.987217208869204610e-01
9.986997216640269848e-01
9.986787224058103485e-01
9.986577231475938232e-01
9.986357239247001250e-01
9.986147246664835997e-01
9.985937254082669634e-01
9.985717261853734872e-01
9.985507269271568509e-01
9.985287277042632637e-01
9.985077284460466274e-01
9.984857292231531511e-01
9.984637300002595639e-01
9.984427307420429276e-01
9.984207315191494514e-01
9.983987322962558641e-01
9.983777330380392279e-01
9.983557338151456406e-01
9.983337345922520534e-01
9.983117353693584661e-01
9.982907361111419409e-01
9.982687368882483536e-01
9.982467376653547664e-01
9.982257384071381301e-01
9.982037391842446539e-01
9.981817399613510666e-01
9.981607407031344303e-01
9.981387414802409541e-01
9.981167422573473669e-01
9.980957429991307306e-01
9.980737437762372544e-01
9.980527445180206181e-01
9.980307452951270308e-01
9.980097460369103946e-01
9.979877468140169183e-01
9.979667475558002820e-01
9.979457482975837568e-01
9.979247490393671205e-01
9.979027498164735333e-01
9.978817505582570080e-01
9.978607513000403717e-01
9.978397520418237354e-01
9.978187527836072102e-01
9.977977535253905739e-01
9.977767542671740486e-01
9.977557550089574123e-01
9.977357557154177270e-01
9.977147564572012017e-01
9.976937571989845654e-01
9.976737579054449911e-01
9.976537586119054168e-01
9.976327593536887806e-01
9.976127600601492063e-01
9.975927607666095209e-01
9.975727614730700576e-01
9.975527621795304833e-01
9.975327628859907980e-01
9.975127635924512237e-01
9.974927642989115384e-01
9.974737649700489150e-01
9.974537656765093407e-01
9.974347663476467174e-01
9.974157670187840941e-01
9.973967676899214707e-01
9.973777683610588474e-01
9.973587690321962240e-01
9.973397697033336007e-01
9.973207703744709773e-01
9.973027710102851939e-01
9.972837716814225706e-01
9.972657723172370092e-01
9.972477729530514479e-01
9.972297735888656645e-01
9.972117742246801031e-01
9.971937748604944307e-01
9.971757754963087583e-01
9.971587760968001479e-01
9.971407767326144755e-01
9.971237773331058651e-01
9.971067779335971437e-01
9.970897785340885333e-01
9.970727791345798119e-01
9.970567796997480414e-01
9.970397803002395420e-01
9.970237808654077716e-01
9.970077814305761121e-01
9.969917819957443417e-01
9.969757825609126822e-01
9.969597831260810228e-01
9.969437836912492523e-01
9.969287842210945438e-01
9.969137847509399464e-01
9.968987852807852379e-01
9.968837858106305294e-01
9.968687863404758209e-01
9.968537868703211124e-01
9.968397873648433549e-01
9.968257878593655974e-01
9.968117883538879509e-01
9.967977888484101934e-01
9.967837893429324359e-01
9.967707898021317403e-01
9.967567902966539828e-01
9.967437907558531762e-01
9.967307912150525917e-01
9.967177916742517851e-01
9.967057920981279295e-01
9.966927925573272340e-01
9.966807929812034894e-01
9.966687934050797448e-01
9.966567938289560002e-01
9.966447942528321446e-01
9.966337946413854620e-01
9.966227950299386684e-01
9.966117954184917638e-01
9.966007958070449702e-01
9.965897961955982876e-01
9.965787965841514939e-01
9.965687969373817623e-01
9.965587972906118086e-01
9.965487976438420770e-01
9.965387979970722343e-01
9.965297983149794536e-01
9.965197986682096110e-01
9.965107989861168303e-01
9.965017993040240496e-01
9.964937995866081089e-01
9.964847999045153282e-01
9.964768001870993874e-01
9.964688004696835577e-01
9.964608007522678390e-01
9.964528010348520093e-01
9.964458012821130195e-01
9.964388015293742518e-01
9.964308018119583110e-01
9.964248020238964942e-01
9.964178022711576155e-01
9.964118024830956877e-01
9.964048027303569199e-01
9.963988029422951032e-01
9.963938031189101263e-01
9.963878033308481985e-01
9.963828035074633327e-01
9.963778036840784669e-01
9.963728038606934900e-01
9.963678040373086242e-01
9.963628042139237584e-01
9.963588043552158435e-01
9.963548044965078176e-01
9.963508046377999028e-01
9.963478047437690499e-01
9.963438048850611350e-01
9.963408049910301711e-01
9.963378050969992072e-01
9.963348052029682433e-01
9.963328052736143414e-01
9.963298053795832665e-01
9.963278054502293646e-01
9.963268054855524136e-01
9.963248055561985117e-01
9.963228056268444988e-01
9.963218056621675478e-01
9.963208056974905968e-01
9.963198057328135349e-01
9.963198057328135349e-01
9.963198057328135349e-01
9.963188057681365839e-01
